# x: metNoX_pt bins
# val: MET trigger efficiency from SingleMuon triggers (IsoMu24 || IsoTkMu24)
# err_down: trigger efficiency down error
# err_up: trigger efficiency up error
    x_low  x_high         val    err_down      err_up
0     0.0    50.0  0.00000000  0.00000000  0.04545455
1    50.0   100.0  0.11764706  0.06268081  0.06268081
2   100.0   125.0  0.61904762  0.16773183  0.16773183
3   125.0   150.0  0.76829268  0.02261731  0.02261731
4   150.0   175.0  0.86363636  0.03269465  0.03269465
5   175.0   200.0  0.90316004  0.04588033  0.04588033
6   200.0   250.0  0.93930636  0.03143005  0.03143005
7   250.0   300.0  0.95833333  0.02524876  0.02524876
8   300.0   350.0  0.97615773  0.01557000  0.01557000
9   350.0   400.0  0.98987854  0.00649014  0.00649014
10  400.0   500.0  0.98908595  0.00893581  0.00893581
11  500.0   600.0  1.00000000  0.00098961  0.00000000
12  600.0   700.0  1.00000000  0.00282486  0.00000000
13  700.0   800.0  1.00000000  0.00000000  0.00000000
14  800.0  1000.0  1.00000000  0.00000000  0.00000000