0  0.362381070783    0.353102925676   0.375449447985
1  0.900423097032    0.70898051882    1.14948701696
2  1.25857208885     1.19066280496    1.32389779043
3  0.986856834246    0.867181126559   1.12648717029
4  1.22022689687     1.10992132829    1.36075237433
5  1.18999617534     1.07170878202    1.3084971864
6  0.783509638783    0.714689137386   0.906171012053
7  0.500468399578    0.351008832613   0.774905371908
8  0.742570501044    0.500832724031   1.09316506722
9  0.880813227673    0.604381250013   1.34041912084
10 0.973981892207    0.638579609949   1.50130446585
11 1.08144454634     0.738942972765   1.54105441405
12 1.12834202009     0.829973551012   1.50181622365
13 1.18008788065     0.915642815467   1.50613725363
14 1.20094164796     0.958993972453   1.49588363241
15 1.20745426175     0.988313345215   1.44349239728
16 1.19669258958     1.02143354192    1.36386967485
17 1.18307487355     1.05316130635    1.29937972414
18 1.1448949893      1.05185530016    1.22829842058
19 1.09238494063     1.02330814838    1.16117875532
20 1.06522568919     1.00523169128    1.12503304961
21 1.0496065555      0.996505469191   1.08897150677
22 1.04946608783     1.01286677446    1.0618984661
23 1.05211654844     1.03898961271    1.04142685369
24 1.04684189683     1.05507290114    1.01630607043
25 1.05963644996     1.08700096443    1.00742251547
26 1.0726316949      1.1211711399     0.997412349023
27 1.08425367479     1.15639090376    0.985992003462
28 1.09777550807     1.19477070456    0.97468740562
29 1.11090278208     1.23482301196    0.959167629735
30 1.0945579741      1.24620572817    0.914612648611
31 1.08336634835     1.26872861741    0.872826483223
32 1.0406871706      1.25836072069    0.806663310003
33 0.983822303187    1.23133258042    0.73281426212
34 0.904200725421    1.17294035921    0.646291871412
35 0.821761011447    1.10592312892    0.561956889085
36 0.717804262905    1.00383609331    0.467043849531
37 0.612568788926    0.893148608746   0.376114870853
38 0.502414350894    0.768013178531   0.288142518947
39 0.404368893069    0.65311540985    0.214258143981
40 0.311854733078    0.537094683057   0.151029471916
41 0.228589788005    0.423848440093   0.100182871452
42 0.164878086187    0.332208111868   0.0648104831371
43 0.113217726253    0.250030381868   0.039599623092
44 0.0773900955305   0.188782010368   0.0239168813757
45 0.0506763800548   0.137494454148   0.0137542857733
46 0.0319290523959   0.0969496429916  0.00757448758918
47 0.0200603742099   0.0685345010271  0.0041486710921
48 0.0122530483765   0.0473064492968  0.00221347743228
49 0.00743924157131  0.0325467384425  0.00118872483506
50 0.00443414269021  0.0219738931573  0.000650594369215
51 0.00259261795984  0.0144458337726  0.000381819647154
52 0.0015788454643   0.00966403434385 0.000275073525375
53 0.000950285270461 0.00603448338169 0.000238076634054
54 0.000738465515306 0.00433228271839 0.000293326700867
55 0.000659051540518 0.00300855703363 0.000387751721011
56 0.000733465445976 0.00225099441602 0.000546196834328
57 0.000886514594666 0.00179648381712 0.000731420536758
58 0.00135677798879  0.00202518483158 0.0011525864688
59 0.00188751393047  0.0023889966992  0.00159836988308
60 0.0027342341788   0.00323909492135 0.00227798654558
61 0.00422490685724  0.00492814093524 0.00344461965669
62 0.00529365358239  0.00621714339824 0.00421353368699
63 0.00534820905043  0.00638354880636 0.00415047569746
64 0.00595390906938  0.00725117074463 0.00450087880415
65 0.00652675326303  0.00812607147306 0.00480253477614
66 0.00500177415693  0.00637322451485 0.00357991736641
67 0.00447398736768  0.00583874960484 0.00311262072002
68 0.00388150619953  0.0051915914616  0.0026231604143
69 0.00328624225829  0.00450753484639 0.0021559028463
70 0.0038059879374   0.00535675719345 0.00242222439248
71 0.00294504137347  0.00425572301936 0.00181705469791
72 0.00212010410667  0.00314729601349 0.00126728846296
73 0.00210868170902  0.00321766263102 0.00122034541169
74 0.00199174119977  0.0031258061505  0.00111524301666
