# ptlow, pthigh, etalow, etahigh, correction, uncertainty
25.0  28.0  -2.5    -2.0    0.318209644077 0.0167580072604
28.0  30.0  -2.5    -2.0    0.782006787309 0.0253691869808
30.0  32.0  -2.5    -2.0    0.931876824646 0.0261063904479
32.0  34.0  -2.5    -2.0    1.00007708308  0.0262486060771
34.0  36.0  -2.5    -2.0    0.987091804456 0.0248549050298
36.0  38.0  -2.5    -2.0    1.00199185581  0.0248188263069
38.0  40.0  -2.5    -2.0    0.993657456202 0.0239511785167
40.0  42.0  -2.5    -2.0    0.984231102342 0.0235098290142
42.0  44.0  -2.5    -2.0    0.990796261802 0.0247450053598
44.0  46.0  -2.5    -2.0    0.98223126178  0.0236848951757
46.0  48.0  -2.5    -2.0    0.970700546088 0.0234210462049
48.0  50.0  -2.5    -2.0    0.950438944356 0.0243489140536
50.0  55.0  -2.5    -2.0    0.962452820737 0.0301694408883
55.0  60.0  -2.5    -2.0    0.95869492875  0.0293553776415
60.0  65.0  -2.5    -2.0    0.939173719194 0.0310166874774
65.0  70.0  -2.5    -2.0    0.948073974583 0.0476707634954
70.0  80.0  -2.5    -2.0    0.94437939417  0.0308678060467
80.0  90.0  -2.5    -2.0    0.88852215991  0.0309120012623
90.0  100.0 -2.5    -2.0    0.910805231356 0.0256476767655
100.0 120.0 -2.5    -2.0    0.935020549107 0.0262254759827
120.0 200.0 -2.5    -2.0    0.932795797014 0.0257933470672
25.0  28.0  -2.0    -1.8    0.547537670741 0.0248246006975
28.0  30.0  -2.0    -1.8    0.828380589632 0.0256989024875
30.0  32.0  -2.0    -1.8    0.913517369331 0.0264455349351
32.0  34.0  -2.0    -1.8    0.90295448619  0.0238573256658
34.0  36.0  -2.0    -1.8    0.93069309987  0.0233574133733
36.0  38.0  -2.0    -1.8    0.924356622205 0.0255792287994
38.0  40.0  -2.0    -1.8    0.938806040705 0.0250806971321
40.0  42.0  -2.0    -1.8    0.944807491993 0.0222889121005
42.0  44.0  -2.0    -1.8    0.943148803645 0.0219822041301
44.0  46.0  -2.0    -1.8    0.945478324653 0.0221284731413
46.0  48.0  -2.0    -1.8    0.943924425845 0.0236290373739
48.0  50.0  -2.0    -1.8    0.94317607546  0.0290644621906
50.0  55.0  -2.0    -1.8    0.954732522931 0.0237676915211
55.0  60.0  -2.0    -1.8    0.94150726974  0.0273063561774
60.0  65.0  -2.0    -1.8    0.95669869375  0.0355245875209
65.0  70.0  -2.0    -1.8    0.922059305364 0.0299717062622
70.0  80.0  -2.0    -1.8    0.925346727991 0.0283447291131
80.0  90.0  -2.0    -1.8    0.944776644618 0.0397432167948
90.0  100.0 -2.0    -1.8    0.910805231356 0.0256476767655
100.0 120.0 -2.0    -1.8    0.935020549107 0.0262254759827
120.0 200.0 -2.0    -1.8    0.932795797014 0.0257933470672
25.0  28.0  -1.8    -1.566  0.693833051725 0.0311350369886
28.0  30.0  -1.8    -1.566  0.835286196682 0.0252382144184
30.0  32.0  -1.8    -1.566  0.858708273571 0.0231623293934
32.0  34.0  -1.8    -1.566  0.89914603943  0.0230209436486
34.0  36.0  -1.8    -1.566  0.925365403109 0.0229148295619
36.0  38.0  -1.8    -1.566  0.923322347099 0.02528841331
38.0  40.0  -1.8    -1.566  0.919819506375 0.0221015794537
40.0  42.0  -1.8    -1.566  0.926849993859 0.0218325271487
42.0  44.0  -1.8    -1.566  0.929724113399 0.0234363032182
44.0  46.0  -1.8    -1.566  0.934989456932 0.021553001836
46.0  48.0  -1.8    -1.566  0.951892579183 0.0221827284514
48.0  50.0  -1.8    -1.566  0.93888059546  0.0236935920523
50.0  55.0  -1.8    -1.566  0.944829449299 0.0271572656301
55.0  60.0  -1.8    -1.566  0.940249248093 0.0255490403855
60.0  65.0  -1.8    -1.566  0.928981667394 0.0346214737218
65.0  70.0  -1.8    -1.566  0.92923822034  0.0307090006159
70.0  80.0  -1.8    -1.566  0.944005770899 0.0313225366825
80.0  90.0  -1.8    -1.566  0.924945036789 0.0306808165321
90.0  100.0 -1.8    -1.566  0.910805231356 0.0256476767655
100.0 120.0 -1.8    -1.566  0.935020549107 0.0262254759827
120.0 200.0 -1.8    -1.566  0.932795797014 0.0257933470672
25.0  28.0  -1.566  -1.4442 0.689739601693 0.0580093815109
28.0  30.0  -1.566  -1.4442 0.85036444464  0.0354707825552
30.0  32.0  -1.566  -1.4442 0.941944980409 0.0407994062352
32.0  34.0  -1.566  -1.4442 0.988649176648 0.0349655352528
34.0  36.0  -1.566  -1.4442 0.950781461474 0.0273589384356
36.0  38.0  -1.566  -1.4442 0.95853568416  0.0269736918218
38.0  40.0  -1.566  -1.4442 0.974586133964 0.0255880406746
40.0  42.0  -1.566  -1.4442 0.980256742172 0.0247042357755
42.0  44.0  -1.566  -1.4442 0.981283253846 0.0247849678956
44.0  46.0  -1.566  -1.4442 0.99659521992  0.0246438113561
46.0  48.0  -1.566  -1.4442 0.962019705843 0.0243987554191
48.0  50.0  -1.566  -1.4442 0.960012923531 0.0289860703568
50.0  55.0  -1.566  -1.4442 0.99029498366  0.0343932011587
55.0  60.0  -1.566  -1.4442 0.962101624979 0.0359780532393
60.0  65.0  -1.566  -1.4442 0.981145202486 0.053284366644
65.0  70.0  -1.566  -1.4442 0.950403711803 0.0442115967218
70.0  80.0  -1.566  -1.4442 1.04270484056  0.0621742039658
80.0  90.0  -1.566  -1.4442 1.02110020744  0.0834465716089
90.0  100.0 -1.566  -1.4442 0.988727167244 0.057718350498
100.0 120.0 -1.566  -1.4442 0.944935621205 0.0583016505705
120.0 200.0 -1.566  -1.4442 0.974576103644 0.0498967885807
25.0  28.0  -1.4442 -1.1    0.633374710536 0.0273729891245
28.0  30.0  -1.4442 -1.1    0.800349676021 0.0204085802148
30.0  32.0  -1.4442 -1.1    0.886276831766 0.0214457753505
32.0  34.0  -1.4442 -1.1    0.912226990021 0.0216573338463
34.0  36.0  -1.4442 -1.1    0.935707824191 0.021655488655
36.0  38.0  -1.4442 -1.1    0.953379511063 0.0219039889808
38.0  40.0  -1.4442 -1.1    0.958026438919 0.0218231808356
40.0  42.0  -1.4442 -1.1    0.972843022596 0.021995762126
42.0  44.0  -1.4442 -1.1    0.977276044514 0.022238353855
44.0  46.0  -1.4442 -1.1    0.978373920576 0.0223399438215
46.0  48.0  -1.4442 -1.1    0.983763163667 0.0222551662569
48.0  50.0  -1.4442 -1.1    0.982246207366 0.0227558340721
50.0  55.0  -1.4442 -1.1    0.979017300527 0.0226941052775
55.0  60.0  -1.4442 -1.1    0.968755007291 0.0227774920574
60.0  65.0  -1.4442 -1.1    0.973265800571 0.0232705798076
65.0  70.0  -1.4442 -1.1    0.972796857359 0.0240595637397
70.0  80.0  -1.4442 -1.1    0.977406767453 0.0234553790886
80.0  90.0  -1.4442 -1.1    0.974088485804 0.0236613826989
90.0  100.0 -1.4442 -1.1    0.998784890313 0.0248648681666
100.0 120.0 -1.4442 -1.1    0.984091493437 0.0244722306567
120.0 200.0 -1.4442 -1.1    0.980689841537 0.022635751835
25.0  28.0  -1.1    -0.8    0.816640442099 0.0303782916217
28.0  30.0  -1.1    -0.8    0.907444329436 0.022552844763
30.0  32.0  -1.1    -0.8    0.961850605251 0.0226584335727
32.0  34.0  -1.1    -0.8    0.971521254434 0.0224194522181
34.0  36.0  -1.1    -0.8    0.987465469302 0.0230113950812
36.0  38.0  -1.1    -0.8    0.991623831264 0.0230281205331
38.0  40.0  -1.1    -0.8    0.99684921959  0.0225591173479
40.0  42.0  -1.1    -0.8    1.00166639437  0.0226319171417
42.0  44.0  -1.1    -0.8    1.00498961121  0.0226299216813
44.0  46.0  -1.1    -0.8    0.9991486858   0.022604757042
46.0  48.0  -1.1    -0.8    0.999807015513 0.0226182604168
48.0  50.0  -1.1    -0.8    0.998576671286 0.0226215902113
50.0  55.0  -1.1    -0.8    0.997274624748 0.0226696260068
55.0  60.0  -1.1    -0.8    0.990368811524 0.0227447263592
60.0  65.0  -1.1    -0.8    0.9926455986   0.0235022149472
65.0  70.0  -1.1    -0.8    1.0027679704   0.024354001536
70.0  80.0  -1.1    -0.8    0.979950471136 0.0231401892943
80.0  90.0  -1.1    -0.8    0.996607631154 0.0243230811168
90.0  100.0 -1.1    -0.8    0.998784890313 0.0248648681666
100.0 120.0 -1.1    -0.8    0.984091493437 0.0244722306567
120.0 200.0 -1.1    -0.8    0.980689841537 0.022635751835
25.0  28.0  -0.8    -0.6    0.832957467128 0.0360975158286
28.0  30.0  -0.8    -0.6    0.919195311498 0.0237865680872
30.0  32.0  -0.8    -0.6    0.956379828764 0.024038528709
32.0  34.0  -0.8    -0.6    0.983737170945 0.0235527511572
34.0  36.0  -0.8    -0.6    1.00945421642  0.0235103738859
36.0  38.0  -0.8    -0.6    1.00294010351  0.0229439105157
38.0  40.0  -0.8    -0.6    1.01372740862  0.0235830566741
40.0  42.0  -0.8    -0.6    1.00948727738  0.0231937775932
42.0  44.0  -0.8    -0.6    1.01643767946  0.0229758710362
44.0  46.0  -0.8    -0.6    1.01388924592  0.0231177146561
46.0  48.0  -0.8    -0.6    1.0120952394   0.0236663520791
48.0  50.0  -0.8    -0.6    1.01382446946  0.0237509883172
50.0  55.0  -0.8    -0.6    1.00413572435  0.0228637220773
55.0  60.0  -0.8    -0.6    0.999870965603 0.0254630590619
60.0  65.0  -0.8    -0.6    1.00198019845  0.0252557247523
65.0  70.0  -0.8    -0.6    0.991916587058 0.0265338975096
70.0  80.0  -0.8    -0.6    0.994975577907 0.0241052658392
80.0  90.0  -0.8    -0.6    0.984424031181 0.0247795518428
90.0  100.0 -0.8    -0.6    0.986359189491 0.0240262840469
100.0 120.0 -0.8    -0.6    0.99475413752  0.0240033056814
120.0 200.0 -0.8    -0.6    0.978156463976 0.0227176378591
25.0  28.0  -0.6    -0.4    0.875250802388 0.0440336724062
28.0  30.0  -0.6    -0.4    0.891370482532 0.0229057264273
30.0  32.0  -0.6    -0.4    0.938702312598 0.0225060616644
32.0  34.0  -0.6    -0.4    0.972011156936 0.022830349628
34.0  36.0  -0.6    -0.4    0.994476919785 0.0230347637929
36.0  38.0  -0.6    -0.4    0.998752040344 0.0232165813662
38.0  40.0  -0.6    -0.4    1.01046564363  0.0230679254767
40.0  42.0  -0.6    -0.4    1.0137069466   0.0230843338992
42.0  44.0  -0.6    -0.4    1.01550091544  0.022985267733
44.0  46.0  -0.6    -0.4    1.01726341247  0.0230469326843
46.0  48.0  -0.6    -0.4    1.01670319068  0.0232510755841
48.0  50.0  -0.6    -0.4    1.00338017155  0.0237815688435
50.0  55.0  -0.6    -0.4    1.01083927291  0.0231894976845
55.0  60.0  -0.6    -0.4    0.996759914135 0.026176118252
60.0  65.0  -0.6    -0.4    1.00012217063  0.02791494678
65.0  70.0  -0.6    -0.4    0.997750972081 0.0264472276139
70.0  80.0  -0.6    -0.4    0.992945567976 0.0239660973414
80.0  90.0  -0.6    -0.4    0.995459439731 0.0251513104783
90.0  100.0 -0.6    -0.4    0.986359189491 0.0240262840469
100.0 120.0 -0.6    -0.4    0.99475413752  0.0240033056814
120.0 200.0 -0.6    -0.4    0.978156463976 0.0227176378591
25.0  28.0  -0.4    -0.2    0.827426058653 0.0354063236047
28.0  30.0  -0.4    -0.2    0.829783971569 0.0224945924234
30.0  32.0  -0.4    -0.2    0.906826184712 0.0223153809358
32.0  34.0  -0.4    -0.2    0.960305144149 0.0231691258278
34.0  36.0  -0.4    -0.2    0.968073057588 0.0226736005505
36.0  38.0  -0.4    -0.2    0.988655727486 0.0228600278183
38.0  40.0  -0.4    -0.2    0.99045794247  0.0226296918271
40.0  42.0  -0.4    -0.2    1.0003610418   0.0226891607984
42.0  44.0  -0.4    -0.2    1.00604664775  0.022763607006
44.0  46.0  -0.4    -0.2    1.00217272239  0.0228813412263
46.0  48.0  -0.4    -0.2    1.0003995266   0.0227180851892
48.0  50.0  -0.4    -0.2    1.00327972725  0.0232241896458
50.0  55.0  -0.4    -0.2    0.997973153583 0.0231739956651
55.0  60.0  -0.4    -0.2    0.997418103578 0.0239268053783
60.0  65.0  -0.4    -0.2    0.989144496912 0.0239330190882
65.0  70.0  -0.4    -0.2    1.00466124807  0.0264329579329
70.0  80.0  -0.4    -0.2    0.997480096187 0.024597341886
80.0  90.0  -0.4    -0.2    0.994735119767 0.0254238755922
90.0  100.0 -0.4    -0.2    1.00846690758  0.0256185866188
100.0 120.0 -0.4    -0.2    0.997433232591 0.0242836778322
120.0 200.0 -0.4    -0.2    0.996110858387 0.0235377464302
25.0  28.0  -0.2    0.0     0.724263020539 0.0288870173464
28.0  30.0  -0.2    0.0     0.79071513711  0.0211420210651
30.0  32.0  -0.2    0.0     0.866905908895 0.0220183872223
32.0  34.0  -0.2    0.0     0.942483170996 0.0225294244578
34.0  36.0  -0.2    0.0     0.957442758085 0.0224626689603
36.0  38.0  -0.2    0.0     0.958160820717 0.0221134317502
38.0  40.0  -0.2    0.0     0.984426412849 0.0225546645686
40.0  42.0  -0.2    0.0     0.983452870801 0.0223986678317
42.0  44.0  -0.2    0.0     0.994645387623 0.0225579772701
44.0  46.0  -0.2    0.0     0.992896334282 0.0225487657886
46.0  48.0  -0.2    0.0     0.994883286135 0.0235953313121
48.0  50.0  -0.2    0.0     0.994217888468 0.0237622779623
50.0  55.0  -0.2    0.0     0.996635369431 0.0232356467257
55.0  60.0  -0.2    0.0     0.994858222963 0.0246266825669
60.0  65.0  -0.2    0.0     0.980973976977 0.0238895829507
65.0  70.0  -0.2    0.0     0.985132186346 0.025076511738
70.0  80.0  -0.2    0.0     0.999833416556 0.0257068175023
80.0  90.0  -0.2    0.0     0.99600826313  0.0257597672422
90.0  100.0 -0.2    0.0     1.00846690758  0.0256185866188
100.0 120.0 -0.2    0.0     0.997433232591 0.0242836778322
120.0 200.0 -0.2    0.0     0.996110858387 0.0235377464302
25.0  28.0  0.0     0.2     0.721718360278 0.0366604698755
28.0  30.0  0.0     0.2     0.776098980863 0.0219587694524
30.0  32.0  0.0     0.2     0.860231564509 0.0211309759074
32.0  34.0  0.0     0.2     0.925684829028 0.0220808674712
34.0  36.0  0.0     0.2     0.943390180521 0.0220435094596
36.0  38.0  0.0     0.2     0.948993618144 0.0229976984774
38.0  40.0  0.0     0.2     0.979069314116 0.0227459371323
40.0  42.0  0.0     0.2     0.987488802231 0.0225120673768
42.0  44.0  0.0     0.2     0.990739147979 0.022564973999
44.0  46.0  0.0     0.2     0.989918629672 0.0240100697172
46.0  48.0  0.0     0.2     0.992198929863 0.0228356726888
48.0  50.0  0.0     0.2     0.983624765154 0.0226296556666
50.0  55.0  0.0     0.2     0.993592325135 0.0228187360496
55.0  60.0  0.0     0.2     0.999260533068 0.024014448826
60.0  65.0  0.0     0.2     0.983616018127 0.0246420344616
65.0  70.0  0.0     0.2     0.989997780466 0.029326059171
70.0  80.0  0.0     0.2     0.986372293297 0.0256357151607
80.0  90.0  0.0     0.2     0.982648600639 0.0264032344085
90.0  100.0 0.0     0.2     0.99588082925  0.0246508162669
100.0 120.0 0.0     0.2     0.979588650703 0.0238472978781
120.0 200.0 0.0     0.2     0.981974060843 0.023030050627
25.0  28.0  0.2     0.4     0.75937800363  0.0325702585143
28.0  30.0  0.2     0.4     0.839917210107 0.021099644575
30.0  32.0  0.2     0.4     0.90801337372  0.0218489855588
32.0  34.0  0.2     0.4     0.960689567571 0.0234672078352
34.0  36.0  0.2     0.4     0.963413244167 0.0224702925376
36.0  38.0  0.2     0.4     0.981052220058 0.0229552429418
38.0  40.0  0.2     0.4     0.974292010474 0.0223532433231
40.0  42.0  0.2     0.4     0.99485054834  0.0225791766229
42.0  44.0  0.2     0.4     0.994667524387 0.0224985361795
44.0  46.0  0.2     0.4     0.988654291627 0.0226707996735
46.0  48.0  0.2     0.4     0.993119729275 0.0226142896244
48.0  50.0  0.2     0.4     0.994584516017 0.0227911446171
50.0  55.0  0.2     0.4     0.991856191406 0.0227295045688
55.0  60.0  0.2     0.4     0.997343130734 0.0240334535003
60.0  65.0  0.2     0.4     0.98467433153  0.0247175498287
65.0  70.0  0.2     0.4     0.999034364695 0.0280617223021
70.0  80.0  0.2     0.4     0.982215393183 0.024767420288
80.0  90.0  0.2     0.4     0.981461773763 0.024879933411
90.0  100.0 0.2     0.4     0.99588082925  0.0246508162669
100.0 120.0 0.2     0.4     0.979588650703 0.0238472978781
120.0 200.0 0.2     0.4     0.981974060843 0.023030050627
25.0  28.0  0.4     0.6     0.723235393418 0.0285487851733
28.0  30.0  0.4     0.6     0.891413330319 0.0226762068297
30.0  32.0  0.4     0.6     0.933954783957 0.0225261916899
32.0  34.0  0.4     0.6     0.975058692495 0.0229595042079
34.0  36.0  0.4     0.6     0.986359823846 0.0229611890103
36.0  38.0  0.4     0.6     0.995361331062 0.0229228287795
38.0  40.0  0.4     0.6     1.00348980908  0.022980312744
40.0  42.0  0.4     0.6     1.00528769543  0.0231162843095
42.0  44.0  0.4     0.6     1.01427445492  0.0234712517563
44.0  46.0  0.4     0.6     1.00571927881  0.0229808768971
46.0  48.0  0.4     0.6     1.00377965486  0.0228783146753
48.0  50.0  0.4     0.6     0.99498852955  0.0226906971386
50.0  55.0  0.4     0.6     1.00393964305  0.0230194970504
55.0  60.0  0.4     0.6     0.989836087632 0.0237979067268
60.0  65.0  0.4     0.6     0.977791845978 0.0231106642269
65.0  70.0  0.4     0.6     0.991822132087 0.0245939078724
70.0  80.0  0.4     0.6     0.993061883549 0.0241730541702
80.0  90.0  0.4     0.6     0.97599323189  0.0245996966112
90.0  100.0 0.4     0.6     0.993048508873 0.0252680493871
100.0 120.0 0.4     0.6     0.983328630603 0.0236710105486
120.0 200.0 0.4     0.6     0.989115890584 0.0231912905844
25.0  28.0  0.6     0.8     0.734890605934 0.0324560835557
28.0  30.0  0.6     0.8     0.926083550685 0.0234581493572
30.0  32.0  0.6     0.8     0.964367725807 0.0235346920506
32.0  34.0  0.6     0.8     0.986997829444 0.0233742801689
34.0  36.0  0.6     0.8     0.995478205422 0.0234833278955
36.0  38.0  0.6     0.8     0.995515166806 0.0229876673044
38.0  40.0  0.6     0.8     1.00309230164  0.0228362990251
40.0  42.0  0.6     0.8     1.01805744995  0.0232265820275
42.0  44.0  0.6     0.8     1.0123961885   0.023187892871
44.0  46.0  0.6     0.8     1.00709388273  0.0227319335279
46.0  48.0  0.6     0.8     1.00941970968  0.0228568160209
48.0  50.0  0.6     0.8     1.00290553636  0.0230330910001
50.0  55.0  0.6     0.8     1.00155354729  0.0231712625226
55.0  60.0  0.6     0.8     0.99803759097  0.023649779708
60.0  65.0  0.6     0.8     1.00031817755  0.0243716733191
65.0  70.0  0.6     0.8     0.981113509728 0.0259739480827
70.0  80.0  0.6     0.8     0.98128337808  0.0232970645401
80.0  90.0  0.6     0.8     0.984319236005 0.0248551757146
90.0  100.0 0.6     0.8     0.993048508873 0.0252680493871
100.0 120.0 0.6     0.8     0.983328630603 0.0236710105486
120.0 200.0 0.6     0.8     0.989115890584 0.0231912905844
25.0  28.0  0.8     1.1     0.653542692895 0.0225769834368
28.0  30.0  0.8     1.1     0.893930331634 0.0218829147986
30.0  32.0  0.8     1.1     0.949914059736 0.0224102959367
32.0  34.0  0.8     1.1     0.977947066242 0.0228742164816
34.0  36.0  0.8     1.1     0.99227787759  0.0226598539014
36.0  38.0  0.8     1.1     0.992741799173 0.0225233458205
38.0  40.0  0.8     1.1     1.00330755271  0.0226983129716
40.0  42.0  0.8     1.1     1.00613575438  0.0226850779113
42.0  44.0  0.8     1.1     1.00942339751  0.0227894122217
44.0  46.0  0.8     1.1     1.00566236013  0.022650050618
46.0  48.0  0.8     1.1     1.00243298674  0.0227886279229
48.0  50.0  0.8     1.1     0.999119580623 0.0227086934159
50.0  55.0  0.8     1.1     1.00017301559  0.0230053949683
55.0  60.0  0.8     1.1     1.00029494504  0.0234680644483
60.0  65.0  0.8     1.1     0.983263479617 0.023223787467
65.0  70.0  0.8     1.1     1.0005984885   0.0238061509922
70.0  80.0  0.8     1.1     0.981255754065 0.0232559609066
80.0  90.0  0.8     1.1     0.99196857343  0.0249079688733
90.0  100.0 0.8     1.1     1.00463027837  0.0241491267058
100.0 120.0 0.8     1.1     0.988017691764 0.0233824891099
120.0 200.0 0.8     1.1     0.980064579947 0.0225467160342
25.0  28.0  1.1     1.4442  0.481538978766 0.0183901211421
28.0  30.0  1.1     1.4442  0.791192337494 0.020461281846
30.0  32.0  1.1     1.4442  0.854647520535 0.0219791929642
32.0  34.0  1.1     1.4442  0.905307962928 0.0212597431618
34.0  36.0  1.1     1.4442  0.939305397547 0.022265516078
36.0  38.0  1.1     1.4442  0.945049216745 0.0218264701145
38.0  40.0  1.1     1.4442  0.954353581182 0.0216623426751
40.0  42.0  1.1     1.4442  0.965109179045 0.0219154073268
42.0  44.0  1.1     1.4442  0.967725369825 0.0219269753929
44.0  46.0  1.1     1.4442  0.975827940555 0.022779173978
46.0  48.0  1.1     1.4442  0.974721619909 0.0222472138382
48.0  50.0  1.1     1.4442  0.983995131316 0.0224549940405
50.0  55.0  1.1     1.4442  0.975886761403 0.0221348599026
55.0  60.0  1.1     1.4442  0.983219694776 0.0228940230296
60.0  65.0  1.1     1.4442  0.976472115058 0.0233626430129
65.0  70.0  1.1     1.4442  0.987478610781 0.0246827907669
70.0  80.0  1.1     1.4442  1.006654954    0.0270656668734
80.0  90.0  1.1     1.4442  0.990660894831 0.02522321557
90.0  100.0 1.1     1.4442  1.00463027837  0.0241491267058
100.0 120.0 1.1     1.4442  0.988017691764 0.0233824891099
120.0 200.0 1.1     1.4442  0.980064579947 0.0225467160342
25.0  28.0  1.4442  1.566   0.57832448271  0.0435611521739
28.0  30.0  1.4442  1.566   0.809542927064 0.0353032291152
30.0  32.0  1.4442  1.566   0.921112324885 0.0335138211787
32.0  34.0  1.4442  1.566   0.940776860944 0.0336451767769
34.0  36.0  1.4442  1.566   0.978472311158 0.0282768995137
36.0  38.0  1.4442  1.566   0.975853047402 0.0268956678035
38.0  40.0  1.4442  1.566   0.97657964527  0.0271071674116
40.0  42.0  1.4442  1.566   0.989121920362 0.0310913381092
42.0  44.0  1.4442  1.566   0.971636520958 0.0239468814423
44.0  46.0  1.4442  1.566   0.996624532352 0.0275983019865
46.0  48.0  1.4442  1.566   0.986224182996 0.0272506622607
48.0  50.0  1.4442  1.566   0.976444949439 0.0335883540294
50.0  55.0  1.4442  1.566   0.990121776021 0.0362863077861
55.0  60.0  1.4442  1.566   1.0099968522   0.0488994637658
60.0  65.0  1.4442  1.566   0.944967554853 0.0357740972785
65.0  70.0  1.4442  1.566   0.925542043775 0.0528053616443
70.0  80.0  1.4442  1.566   1.00222754687  0.0759315485196
80.0  90.0  1.4442  1.566   0.990013874627 0.0713292625887
90.0  100.0 1.4442  1.566   0.941650112037 0.0655283074261
100.0 120.0 1.4442  1.566   0.97674866809  0.0548827018652
120.0 200.0 1.4442  1.566   1.01856102956  0.0698522469836
25.0  28.0  1.566   1.8     0.599212115574 0.0285598708301
28.0  30.0  1.566   1.8     0.812048262367 0.0255671267072
30.0  32.0  1.566   1.8     0.862145769268 0.0274771393738
32.0  34.0  1.566   1.8     0.903350191133 0.0272560464111
34.0  36.0  1.566   1.8     0.906123231309 0.0227647599256
36.0  38.0  1.566   1.8     0.93805787658  0.0235817778309
38.0  40.0  1.566   1.8     0.92602118205  0.0225099457583
40.0  42.0  1.566   1.8     0.943218825949 0.0224183876006
42.0  44.0  1.566   1.8     0.94309786526  0.0219024870393
44.0  46.0  1.566   1.8     0.950825621296 0.0242137892207
46.0  48.0  1.566   1.8     0.958307227992 0.0224082010545
48.0  50.0  1.566   1.8     0.94462466069  0.0227244353422
50.0  55.0  1.566   1.8     0.948700526447 0.0289301899783
55.0  60.0  1.566   1.8     0.957773112272 0.0276696081957
60.0  65.0  1.566   1.8     0.967101413902 0.0301570986062
65.0  70.0  1.566   1.8     0.92096776788  0.0302048179758
70.0  80.0  1.566   1.8     0.948821542393 0.0293276046905
80.0  90.0  1.566   1.8     0.909188113948 0.0282229071831
90.0  100.0 1.566   1.8     0.943316103664 0.0315187420548
100.0 120.0 1.566   1.8     0.947637124406 0.0279800919285
120.0 200.0 1.566   1.8     0.93322118989  0.025128290317
25.0  28.0  1.8     2.0     0.427818342467 0.0304044072022
28.0  30.0  1.8     2.0     0.784887429806 0.0246388260388
30.0  32.0  1.8     2.0     0.864548097408 0.0241301452483
32.0  34.0  1.8     2.0     0.908764120525 0.0270910203239
34.0  36.0  1.8     2.0     0.904027879766 0.0226600272284
36.0  38.0  1.8     2.0     0.92636002032  0.0225109423827
38.0  40.0  1.8     2.0     0.916948365299 0.0219523690584
40.0  42.0  1.8     2.0     0.92836026424  0.0219619765372
42.0  44.0  1.8     2.0     0.938079659214 0.0224777034919
44.0  46.0  1.8     2.0     0.945587387508 0.0250423461636
46.0  48.0  1.8     2.0     0.936045697934 0.0232530827752
48.0  50.0  1.8     2.0     0.922812511557 0.023133996669
50.0  55.0  1.8     2.0     0.945466123225 0.0260132680158
55.0  60.0  1.8     2.0     0.919147079268 0.0244073628851
60.0  65.0  1.8     2.0     0.954094861197 0.0280729679701
65.0  70.0  1.8     2.0     0.945207570043 0.0340132045408
70.0  80.0  1.8     2.0     0.933883782161 0.0296935538138
80.0  90.0  1.8     2.0     0.905388194749 0.0317472921046
90.0  100.0 1.8     2.0     0.943316103664 0.0315187420548
100.0 120.0 1.8     2.0     0.947637124406 0.0279800919285
120.0 200.0 1.8     2.0     0.93322118989  0.025128290317
25.0  28.0  2.0     2.5     0.23403082992  0.0107451616542
28.0  30.0  2.0     2.5     0.677432513932 0.0230971423681
30.0  32.0  2.0     2.5     0.854598218865 0.0227851799853
32.0  34.0  2.0     2.5     0.903677951476 0.0237314286556
34.0  36.0  2.0     2.5     0.939636748351 0.0233593986038
36.0  38.0  2.0     2.5     0.944468205555 0.0234290372115
38.0  40.0  2.0     2.5     0.961440527661 0.0228276750004
40.0  42.0  2.0     2.5     0.963499913137 0.0256881836962
42.0  44.0  2.0     2.5     0.967273658195 0.0253568549438
44.0  46.0  2.0     2.5     0.953887337407 0.0244920849095
46.0  48.0  2.0     2.5     0.956053322392 0.0227318929209
48.0  50.0  2.0     2.5     0.960712358449 0.0241343919027
50.0  55.0  2.0     2.5     0.946164143956 0.0241245304269
55.0  60.0  2.0     2.5     0.935406028347 0.0283646107002
60.0  65.0  2.0     2.5     0.962127752241 0.0288762442054
65.0  70.0  2.0     2.5     0.927900725758 0.0286481853666
70.0  80.0  2.0     2.5     0.9194906909   0.0327706403467
80.0  90.0  2.0     2.5     0.931640465975 0.0348015737192
90.0  100.0 2.0     2.5     0.943316103664 0.0315187420548
100.0 120.0 2.0     2.5     0.947637124406 0.0279800919285
120.0 200.0 2.0     2.5     0.93322118989  0.025128290317
